68
69
70
71
72
73
74
75
76
77
116
117
119
120
121
122
123
124
125
142
148
149
150
151
152
153
154
155
156
157
158
159
160
165
166
167
168
169
170
196
197
198
199
200
201
202
203
204
205
206
207
208
213
214
215
216
217
218
219
243
244
245
246
247
248
249
250
251
252
253
254
255
256
257
261
262
263
264
265
266
267
268
291
292
293
294
295
296
297
298
299
300
301
302
303
304
305
309
310
311
312
313
314
315
316
317
339
340
341
342
343
344
345
346
347
348
349
350
351
352
353
357
358
359
360
361
362
363
364
365
387
388
389
390
391
392
393
394
395
396
397
398
399
400
401
405
406
407
408
409
410
411
412
435
436
437
438
439
440
441
442
443
444
445
446
447
448
449
453
454
455
456
457
458
459
460
468
469
470
471
472
483
484
485
486
487
488
489
490
491
492
493
494
495
496
497
503
504
505
506
507
508
509
516
517
518
519
520
531
532
533
534
535
536
537
538
539
540
541
542
543
544
545
551
552
553
554
555
556
557
564
565
566
567
568
579
580
581
582
583
584
585
586
587
588
589
590
591
592
593
612
613
614
615
616
627
628
629
630
631
632
633
634
635
636
637
638
639
640
641
660
661
662
663
664
708
709
710
711
712
756
757
758
759
760
804
805
806
807
808
966
967
968
969
970
971
972
973
976
977
978
979
980
981
982
985
986
987
988
989
990
991
992
1013
1014
1015
1016
1017
1018
1019
1020
1021
1024
1025
1026
1027
1028
1029
1030
1033
1034
1035
1036
1037
1038
1039
1040
1061
1062
1063
1064
1065
1066
1067
1068
1069
1070
1071
1072
1073
1074
1075
1076
1077
1078
1079
1080
1081
1082
1083
1084
1085
1086
1087
1088
1109
1110
1111
1112
1113
1114
1115
1116
1117
1118
1119
1120
1121
1122
1123
1124
1125
1126
1127
1128
1129
1130
1131
1132
1133
1134
1135
1136
1157
1158
1159
1160
1161
1162
1163
1164
1165
1166
1167
1168
1169
1170
1171
1172
1173
1174
1175
1176
1177
1178
1179
1180
1181
1182
1183
1184
1205
1206
1207
1208
1209
1210
1211
1212
1213
1214
1215
1216
1217
1218
1219
1220
1221
1222
1223
1224
1225
1226
1227
1228
1229
1230
1231
1232
1253
1254
1255
1256
1257
1258
1259
1260
1261
1262
1263
1264
1265
1266
1267
1268
1269
1270
1271
1272
1273
1274
1275
1276
1277
1278
1279
1280
1301
1302
1303
1304
1305
1306
1307
1308
1309
1310
1311
1312
1313
1314
1315
1316
1317
1318
1319
1320
1321
1322
1323
1324
1325
1326
1327
1328
1349
1350
1351
1352
1353
1354
1355
1356
1357
1358
1359
1360
1361
1362
1363
1364
1365
1366
1367
1368
1369
1370
1371
1372
1373
1374
1375
1376
1397
1398
1399
1400
1401
1402
1403
1404
1405
1406
1407
1408
1409
1410
1411
1412
1413
1414
1415
1416
1417
1418
1419
1420
1421
1422
1423
1424
1445
1446
1447
1448
1449
1450
1451
1452
1453
1454
1455
1456
1457
1458
1459
1460
1461
1462
1463
1464
1465
1466
1467
1468
1469
1470
1471
1472
1493
1494
1495
1496
1497
1498
1499
1500
1501
1502
1503
1504
1505
1506
1507
1508
1509
1510
1511
1512
1513
1514
1515
1516
1517
1518
1519
1520
1541
1542
1543
1544
1545
1546
1547
1548
1549
1550
1551
1552
1553
1554
1555
1556
1557
1558
1559
1560
1561
1562
1563
1564
1565
1566
1567
1568
1589
1590
1591
1592
1593
1594
1595
1596
1597
1598
1599
1600
1601
1602
1603
1604
1605
1606
1607
1608
1609
1610
1611
1612
1613
1614
1615
1616
1637
1638
1639
1640
1641
1642
1643
1644
1645
1646
1647
1648
1649
1650
1651
1652
1653
1654
1655
1656
1657
1658
1659
1660
1661
1662
1663
1664
1685
1686
1687
1688
1689
1690
1691
1692
1693
1694
1695
1696
1697
1698
1699
1700
1701
1702
1703
1704
1705
1706
1707
1708
1709
1710
1711
1712
1733
1734
1735
1736
1737
1738
1739
1740
1741
1742
1743
1744
1745
1746
1747
1748
1749
1750
1751
1752
1753
1754
1755
1756
1757
1758
1759
1760
1782
1783
1784
1785
1786
1787
1788
1789
1790
1791
1792
1793
1794
1795
1796
1797
1798
1799
1800
1801
1802
1803
1804
1805
1806
1807
1808
1822
1830
1831
1832
1833
1834
1835
1836
1837
1838
1839
1840
1841
1842
1843
1844
1845
1846
1847
1848
1849
1850
1851
1852
1853
1854
1855
1856
1878
1879
1880
1881
1882
1883
1884
1885
1886
1887
1888
1889
1890
1891
1892
1893
1894
1895
1896
1897
1898
1899
1900
1901
1902
1903
1904
1926
1927
1928
1929
1930
1931
1932
1933
1934
1935
1936
1937
1938
1939
1940
1941
1942
1943
1944
1945
1946
1947
1948
1949
1950
1951
1952
1974
1975
1976
1977
1978
1979
1980
1981
1982
1983
1984
1985
1986
1987
1988
1989
1990
1991
1992
1993
1994
1995
1996
1997
1998
1999
2000
2017
2165
2213
2789
2833
2834
2878
2994
